7/11/2023  14  49  50  56  63  6
7/11/2023  18  42  50  58  64  6
7/11/2023  14  49  50  59  63  6
7/11/2023  18  42  56  59  64  6
7/11/2023  14  49  58  59  63  6
7/14/2023  14  49  50  56  63  6
7/14/2023  18  42  50  58  64  6
7/14/2023  14  49  50  59  63  6
7/14/2023  18  42  56  59  64  6
7/14/2023  14  49  58  59  63  6
7/18/2023  14  49  50  56  63  6
7/18/2023  18  42  50  58  64  6
7/18/2023  14  49  50  59  63  6
7/18/2023  18  42  56  59  64  6
7/18/2023  14  49  58  59  63  6
7/21/2023  17  40  50  52  67  16
7/21/2023  17  40  52  55  67  16
7/21/2023  17  47  50  55  67  16
7/21/2023  17  47  52  55  67  16
7/21/2023  17  47  50  52  67  16
7/21/2023  14  49  50  56  63  6
7/21/2023  18  42  50  58  64  6
7/21/2023  14  49  50  59  63  6
7/21/2023  18  42  56  59  64  6
7/21/2023  14  49  58  59  63  6
7/25/2023  14  49  50  56  63  6
7/25/2023  18  42  50  58  64  6
7/25/2023  14  49  50  59  63  6
7/25/2023  18  42  56  59  64  6
7/25/2023  14  49  58  59  63  6
7/25/2023  17  40  50  52  67  16
7/25/2023  17  40  52  55  67  16
7/25/2023  17  47  50  55  67  16
7/25/2023  17  47  52  55  67  16
7/25/2023  17  47  50  52  67  16
7/28/2023  14  49  50  56  63  6
7/28/2023  18  42  50  58  64  6
7/28/2023  14  49  50  59  63  6
7/28/2023  18  42  56  59  64  6
7/28/2023  14  49  58  59  63  6
7/28/2023  17  40  50  52  67  16
7/28/2023  17  40  52  55  67  16
7/28/2023  17  47  50  55  67  16
7/28/2023  17  47  52  55  67  16
7/31/2023  17  47  50  52  67  16
7/31/2023  14  49  50  56  63  6
7/31/2023  18  42  50  58  64  6
7/31/2023  14  49  50  59  63  6
7/31/2023  18  42  56  59  64  6
7/31/2023  14  49  58  59  63  6
7/31/2023  17  40  50  52  67  16
7/31/2023  17  40  52  55  67  16
7/31/2023  17  47  50  55  67  16
7/31/2023  17  47  52  55  67  16
7/31/2023  17  47  50  52  67  16



