10/17/2015  48  49  57  62  69  19
10/21/2015  30  32  42  56  57  11
10/24/2015  20  31  56  60  64  2
10/28/2015  4  54  56  62  63  10
10/31/2015  9  20  25  47  68  7
11/4/2015  2  12  17  20  65  17
11/7/2015  7  16  25  50  53  15
11/11/2015  4  26  32  55  64  18
11/14/2015  14  22  37  45  66  5
11/18/2015  17  40  41  46  69  6
11/21/2015  37  47  50  52  57  21
11/25/2015  16  29  53  58  69  21
11/28/2015  2  6  47  66  67  2
12/2/2015  14  18  19  32  64  9
12/5/2015  13  27  33  47  68  13
12/9/2015  7  10  16  46  56  1
12/12/2015  2  14  19  30  62  22
12/16/2015  9  10  32  42  55  6
12/19/2015  28  30  41  59  68  10
12/23/2015  16  38  55  63  67  25
12/26/2015  27  40  44  59  65  20
12/30/2015  12  36  38  54  61  22
1/2/2016  5  6  15  29  42  10
1/6/2016  2  11  47  62  63  17
1/9/2016  16  19  32  34  57  13
1/13/2016  4  8  19  27  34  10
1/16/2016  3  51  52  61  64  6
1/20/2016  5  39  44  47  69  24
1/23/2016  22  32  34  40  69  19
1/27/2016  3  12  40  52  67  21
1/30/2016  5  12  16  31  43  18
2/3/2016  26  28  31  60  67  23
2/6/2016  4  13  31  36  52  8
2/10/2016  2  3  40  50  62  5
2/13/2016  7  15  18  19  36  20
2/17/2016  7  17  27  29  40  25
2/20/2016  11  12  15  16  54  25
2/24/2016  21  31  64  65  67  5
2/27/2016  10  11  21  22  53  18
3/2/2016  12  13  44  52  62  6
3/5/2016  3  27  34  59  69  19
3/9/2016  14  23  32  34  68  3
3/12/2016  11  28  50  57  62  23
3/16/2016  10  12  13  46  50  21
3/19/2016  11  23  43  54  60  3
3/23/2016  5  8  15  22  49  25
3/26/2016  11  23  42  52  68  6
3/30/2016  24  44  53  55  63  19
4/2/2016  9  28  30  40  61  3
4/6/2016  4  28  49  60  65  25
4/9/2016  14  22  23  41  61  9
4/13/2016  30  33  35  38  64  22
4/16/2016  3  18  25  32  51  3
4/20/2016  12  25  30  52  62  8
4/23/2016  19  35  46  59  62  13
4/27/2016  2  25  33  39  64  17
4/30/2016  3  12  16  32  34  14
5/4/2016  30  47  57  66  69  3
5/7/2016  5  25  26  44  66  9
5/11/2016  20  32  52  66  69  23
5/14/2016  13  27  47  64  65  9
5/18/2016  23  25  39  54  67  11
5/21/2016  5  7  9  23  32  26
5/25/2016  11  24  41  59  64  15
5/28/2016  6  33  34  58  59  12
6/1/2016  23  30  33  40  69  12
6/4/2016  16  20  22  43  64  17
6/8/2016  12  25  37  60  69  20
6/11/2016  20  27  36  41  58  7
6/15/2016  4  22  24  31  33  10
6/18/2016  2  23  41  53  63  11
6/22/2016  14  40  42  43  52  17
6/25/2016  3  27  36  56  69  25
6/29/2016  23  29  37  60  64  6
7/2/2016  10  34  39  59  63  4
7/6/2016  2  24  31  57  66  18
7/9/2016  10  28  32  61  64  12
7/13/2016  3  15  29  54  57  10
7/16/2016  11  17  40  50  62  26
7/20/2016  6  25  35  58  66  5
7/23/2016  5  7  23  35  39  11
7/27/2016  10  47  50  65  68  24
7/30/2016  11  17  21  23  32  5
8/3/2016  9  11  27  66  67  2
8/6/2016  20  33  36  47  52  12
8/10/2016  23  56  61  64  67  12
8/13/2016  38  44  60  64  69  6
8/17/2016  33  44  49  50  52  8
8/20/2016  3  6  21  60  68  24
8/24/2016  9  11  25  64  65  16
8/27/2016  4  32  48  49  63  20
8/31/2016  5  10  24  56  61  12
9/3/2016  7  39  50  59  67  25
9/7/2016  22  23  29  33  55  21
9/10/2016  3  17  49  55  68  8
9/14/2016  10  11  23  28  31  14
9/17/2016  9  19  51  55  62  14
9/21/2016  1  28  63  67  69  17
9/24/2016  7  15  20  29  41  22
9/28/2016  30  38  52  53  62  1
10/1/2016  2  12  50  61  64  1
10/5/2016  8  18  27  29  60  15
10/8/2016  3  54  61  64  68  9
10/12/2016  16  30  34  37  44  16
10/15/2016  23  49  57  64  67  20
10/19/2016  10  16  38  43  63  23
10/22/2016  1  28  33  55  56  22
10/26/2016  2  3  16  48  56  24
10/29/2016  19  20  21  42  48  23
11/2/2016  13  18  37  54  61  5
11/5/2016  21  31  50  51  69  8
11/9/2016  1  25  28  31  54  2
11/12/2016  8  17  20  27  52  24
11/16/2016  28  41  61  63  65  7
11/19/2016  16  24  28  43  61  21
11/23/2016  7  32  41  47  61  3
11/26/2016  17  19  21  37  44  16
11/30/2016  3  14  18  25  45  7
12/3/2016  8  10  26  27  33  22
12/7/2016  41  48  49  53  64  20
12/10/2016  12  21  32  44  66  15
12/14/2016  18  26  37  39  66  15
12/17/2016  1  8  16  40  48  10
12/21/2016  25  33  40  54  68  3
12/24/2016  28  38  42  51  52  21
12/28/2016  16  23  30  44  58  4
12/31/2016  1  3  28  57  67  9
1/4/2017  16  17  29  41  42  4
1/7/2017  3  12  24  37  63  10
1/11/2017  1  3  13  16  43  24
1/14/2017  23  55  59  64  69  13
1/18/2017  9  40  41  53  58  12
1/21/2017  23  25  45  52  67  2
1/25/2017  18  28  62  66  68  22
1/28/2017  12  20  39  49  69  17
2/1/2017  9  43  57  60  64  10
2/4/2017  6  13  16  17  52  25
2/8/2017  14  20  42  49  66  5
2/11/2017  5  9  17  37  64  2
2/15/2017  5  28  33  38  42  19
2/18/2017  3  7  9  31  33  20
2/22/2017  10  13  28  52  61  2
2/25/2017  6  32  47  62  65  19
3/1/2017  10  16  40  52  55  17
3/4/2017  2  18  19  22  63  19
3/8/2017  23  33  42  46  59  4
3/11/2017  1  26  41  50  57  11
3/15/2017  16  30  41  48  53  16
3/18/2017  13  25  44  54  67  5
3/22/2017  2  9  27  29  42  9
3/25/2017  18  31  32  45  48  16
3/29/2017  8  15  31  36  62  11
4/1/2017  9  32  36  44  65  1
4/5/2017  8  20  46  53  54  13
4/8/2017  23  36  51  53  60  15
4/12/2017  8  14  61  63  68  24
4/15/2017  5  22  26  45  61  13
4/19/2017  1  19  37  40  52  15
4/22/2017  21  39  41  48  63  6
4/26/2017  1  15  18  26  51  26
4/29/2017  22  23  24  45  62  5
5/3/2017  17  18  49  59  66  9
5/6/2017  11  21  31  41  59  21
5/10/2017  29  31  46  56  62  8
5/13/2017  17  20  32  63  68  19
5/17/2017  4  11  39  45  48  9
5/20/2017  5  22  45  47  54  3
5/24/2017  28  32  33  38  62  15
5/27/2017  5  10  28  55  67  9
5/31/2017  4  33  39  46  60  6
6/3/2017  3  9  21  41  54  25
6/7/2017  5  21  57  66  69  13
6/10/2017  20  26  32  38  58  3
6/14/2017  5  22  43  57  63  24
6/17/2017  10  13  32  53  62  21
6/21/2017  14  46  61  65  68  13
6/24/2017  10  22  32  36  58  10
6/28/2017  29  37  46  53  68  8
7/1/2017  19  42  45  48  53  16
7/5/2017  4  9  16  54  68  21
7/8/2017  8  10  29  40  59  26
7/12/2017  1  2  18  23  61  9
7/15/2017  9  40  63  64  66  17
7/19/2017  50  51  59  61  63  4
7/22/2017  5  32  44  53  60  9
7/26/2017  7  19  21  42  69  12
7/29/2017  1  28  40  45  48  12
8/2/2017  1  16  54  63  69  18
8/5/2017  11  21  28  33  45  11
8/9/2017  12  30  36  47  62  9
8/12/2017  20  24  26  35  49  19
8/16/2017  9  15  43  60  64  4
8/19/2017  17  19  39  43  68  13
8/23/2017  6  7  16  23  26  4
8/26/2017  7  15  32  38  66  15
8/30/2017  19  28  43  67  69  7
9/2/2017  6  21  41  52  62  26
9/6/2017  8  14  32  58  67  17
9/9/2017  6  20  29  57  59  22
9/13/2017  17  24  35  57  63  19
9/16/2017  17  18  24  25  31  24
9/20/2017  39  48  53  67  68  26
9/23/2017  24  45  55  56  57  19
9/27/2017  8  10  21  23  25  22
9/30/2017  8  12  25  41  64  15
10/4/2017  22  23  62  63  66  24
10/7/2017  10  49  61  63  65  7
10/11/2017  1  3  13  19  69  23
10/14/2017  32  37  56  66  69  11
10/18/2017  30  49  54  66  69  8
10/21/2017  14  41  42  45  69  4
10/25/2017  18  22  29  54  57  8
10/28/2017  27  35  38  57  66  10
11/1/2017  3  6  19  26  44  1
11/4/2017  12  14  26  48  51  13
11/8/2017  12  14  20  21  34  22
11/11/2017  4  6  16  30  56  18
11/15/2017  23  32  44  48  50  25
11/18/2017  17  28  31  32  39  26
11/22/2017  35  37  46  51  61  13
11/25/2017  8  13  27  53  54  4
11/29/2017  24  26  28  59  63  16
12/2/2017  28  30  32  36  58  6
12/6/2017  19  20  50  55  62  9
12/9/2017  25  36  37  55  60  6
12/13/2017  2  24  28  51  58  7
12/16/2017  9  35  37  50  63  11
12/20/2017  1  20  61  64  69  20
12/30/2017  28  36  41  51  58  24
1/3/2018  2  18  37  39  42  12
1/6/2018  12  29  30  33  61  26
1/10/2018  7  24  33  49  50  4
1/13/2018  14  25  35  58  69  24
1/17/2018  3  33  37  51  57  21
1/20/2018  26  28  47  49  58  3
1/24/2018  5  9  11  33  64  21
1/27/2018  17  21  26  47  54  7
1/31/2018  4  7  14  46  59  22
2/3/2018  15  23  27  48  53  6
2/7/2018  23  34  35  40  47  10
2/10/2018  1  13  27  41  59  20
2/14/2018  37  39  44  46  69  26
2/17/2018  13  26  39  44  62  2
2/21/2018  7  15  31  34  36  8
2/24/2018  24  25  38  62  63  6
2/28/2018  12  30  59  65  69  16
3/3/2018  13  17  25  36  40  5
3/7/2018  6  13  19  36  51  18
3/10/2018  43  44  54  61  69  22
3/14/2018  6  12  24  41  68  9
3/17/2018  22  57  59  60  66  7
3/21/2018  3  4  18  29  61  25
3/24/2018  10  33  45  53  56  24
3/28/2018  6  8  26  52  53  21
3/31/2018  8  24  52  55  61  21
4/4/2018  8  24  42  54  64  24
4/7/2018  2  17  20  38  39  20
4/11/2018  16  18  27  55  67  18
4/14/2018  17  19  26  61  62  15
4/18/2018  9  10  12  17  23  9
4/21/2018  40  50  54  62  69  19
4/25/2018  17  18  39  56  64  12
4/28/2018  20  22  28  45  50  8
5/30/2018  5  14  31  40  50  6
5/5/2018  14  29  36  57  61  17
5/9/2018  11  16  38  50  69  19
5/12/2018  22  42  45  55  56  14
5/16/2018  17  19  21  22  51  19
5/19/2018  3  6  9  17  56  25
5/23/2018  20  54  56  61  64  7
5/26/2018  1  21  31  45  49  21
5/30/2018  17  23  26  46  68  20
6/2/2018  23  25  37  44  64  7
6/6/2018  23  28  41  53  56  14
6/9/2018  6  10  15  25  36  14
6/13/2018  13  20  38  45  55  1
6/16/2018  9  45  57  58  65  9
6/20/2018  4  14  23  27  56  13
6/23/2018  16  29  43  45  56  25
6/27/2018  7  28  37  62  63  15
6/30/2018  3  9  20  42  61  24
7/4/2018  4  7  15  41  44  10
7/7/2018  1  10  43  45  64  22
7/11/2018  19  21  27  46  47  7
7/14/2018  22  41  42  49  67  11
7/18/2018  1  10  27  28  36  12
7/21/2018  9  23  56  58  68  1
7/25/2018  2  18  41  44  64  26
7/28/2018  22  27  46  56  65  13
8/25/2018  5  22  32  38  58  26
8/4/2018  3  11  38  44  58  2
8/8/2018  10  21  30  43  63  17
8/11/2018  5  43  56  62  68  24
8/15/2018  12  15  28  47  48  16
8/18/2018  24  34  52  61  67  16
8/22/2018  1  7  45  47  69  13
8/25/2018  20  25  54  57  63  8
8/29/2018  25  41  53  57  67  12
9/1/2018  11  54  55  61  66  9
9/5/2018  6  15  50  59  60  13
9/8/2018  3  13  20  32  33  21
9/12/2018  6  28  48  63  64  24
9/15/2018  2  18  19  24  34  3
9/18/2018  4  39  48  50  51  11
9/22/2018  24  61  63  64  69  18
9/26/2018  1  2  7  30  50  8
9/29/2018  9  17  34  59  64  22
10/3/2018  41  53  59  63  66  3
10/6/2018  1  22  27  53  67  15
10/10/2018  8  23  27  42  60  7
10/13/2018  11  14  32  43  65  15
10/17/2018  3  57  64  68  69  15
10/20/2018  16  54  57  62  69  23
10/24/2018  3  21  45  53  56  22
10/27/2018  8  12  13  19  27  4
10/31/2018  7  25  39  40  47  20
11/3/2018  15  21  24  32  65  11
11/7/2018  26  28  34  42  50  25
11/10/2018  5  29  34  53  57  24
11/14/2018  7  42  49  62  69  23
11/17/2018  6  8  20  52  68  5
11/21/2018  7  14  23  38  55  18
11/24/2018  11  33  51  56  58  18
11/28/2018  4  19  59  68  69  21
12/1/2018  10  11  47  55  58  26
12/5/2018  9  11  36  37  38  11
12/8/2018  14  32  34  46  61  10
12/12/2018  4  9  21  29  64  26
12/15/2018  8  38  43  52  55  17
12/19/2018  15  29  31  37  43  16
12/22/2018  21  28  30  40  59  26
12/26/2018  5  25  38  52  67  24
12/29/2018  12  42  51  53  62  25
1/2/2019  8  12  42  46  56  12
1/5/2019  3  7  15  27  69  19
1/9/2019  6  19  37  49  59  22
1/19/2019  7  36  48  57  58  24
1/19/2019  14  29  31  56  61  1
1/19/2019  5  8  41  65  66  20
1/23/2019  23  25  47  48  50  24
10/17/2015  48  49  57  62  69  19
10/21/2015  30  32  42  56  57  11
10/24/2015  20  31  56  60  64  2
10/28/2015  4  54  56  62  63  10
10/31/2015  9  20  25  47  68  7
11/4/2015  2  12  17  20  65  17
11/7/2015  7  16  25  50  53  15
11/11/2015  4  26  32  55  64  18
11/14/2015  14  22  37  45  66  5
11/18/2015  17  40  41  46  69  6
11/21/2015  37  47  50  52  57  21
11/25/2015  16  29  53  58  69  21
11/28/2015  2  6  47  66  67  2
12/2/2015  14  18  19  32  64  9
12/5/2015  13  27  33  47  68  13
12/9/2015  7  10  16  46  56  1
12/12/2015  2  14  19  30  62  22
12/16/2015  9  10  32  42  55  6
12/19/2015  28  30  41  59  68  10
12/23/2015  16  38  55  63  67  25
12/26/2015  27  40  44  59  65  20
12/30/2015  12  36  38  54  61  22
1/2/2016  5  6  15  29  42  10
1/6/2016  2  11  47  62  63  17
1/9/2016  16  19  32  34  57  13
1/13/2016  4  8  19  27  34  10
1/16/2016  3  51  52  61  64  6
1/20/2016  5  39  44  47  69  24
1/23/2016  22  32  34  40  69  19
1/27/2016  3  12  40  52  67  21
1/30/2016  5  12  16  31  43  18
2/3/2016  26  28  31  60  67  23
2/6/2016  4  13  31  36  52  8
2/10/2016  2  3  40  50  62  5
2/13/2016  7  15  18  19  36  20
2/17/2016  7  17  27  29  40  25
2/20/2016  11  12  15  16  54  25
2/24/2016  21  31  64  65  67  5
2/27/2016  10  11  21  22  53  18
3/2/2016  12  13  44  52  62  6
3/5/2016  3  27  34  59  69  19
3/9/2016  14  23  32  34  68  3
3/12/2016  11  28  50  57  62  23
3/16/2016  10  12  13  46  50  21
3/19/2016  11  23  43  54  60  3
3/23/2016  5  8  15  22  49  25
3/26/2016  11  23  42  52  68  6
3/30/2016  24  44  53  55  63  19
4/2/2016  9  28  30  40  61  3
4/6/2016  4  28  49  60  65  25
4/9/2016  14  22  23  41  61  9
4/13/2016  30  33  35  38  64  22
4/16/2016  3  18  25  32  51  3
4/20/2016  12  25  30  52  62  8
4/23/2016  19  35  46  59  62  13
4/27/2016  2  25  33  39  64  17
4/30/2016  3  12  16  32  34  14
5/4/2016  30  47  57  66  69  3
5/7/2016  5  25  26  44  66  9
5/11/2016  20  32  52  66  69  23
5/14/2016  13  27  47  64  65  9
5/18/2016  23  25  39  54  67  11
5/21/2016  5  7  9  23  32  26
5/25/2016  11  24  41  59  64  15
5/28/2016  6  33  34  58  59  12
6/1/2016  23  30  33  40  69  12
6/4/2016  16  20  22  43  64  17
6/8/2016  12  25  37  60  69  20
6/11/2016  20  27  36  41  58  7
6/15/2016  4  22  24  31  33  10
6/18/2016  2  23  41  53  63  11
6/22/2016  14  40  42  43  52  17
6/25/2016  3  27  36  56  69  25
6/29/2016  23  29  37  60  64  6
7/2/2016  10  34  39  59  63  4
7/6/2016  2  24  31  57  66  18
7/9/2016  10  28  32  61  64  12
7/13/2016  3  15  29  54  57  10
7/16/2016  11  17  40  50  62  26
7/20/2016  6  25  35  58  66  5
7/23/2016  5  7  23  35  39  11
7/27/2016  10  47  50  65  68  24
7/30/2016  11  17  21  23  32  5
8/3/2016  9  11  27  66  67  2
8/6/2016  20  33  36  47  52  12
8/10/2016  23  56  61  64  67  12
8/13/2016  38  44  60  64  69  6
8/17/2016  33  44  49  50  52  8
8/20/2016  3  6  21  60  68  24
8/24/2016  9  11  25  64  65  16
8/27/2016  4  32  48  49  63  20
8/31/2016  5  10  24  56  61  12
9/3/2016  7  39  50  59  67  25
9/7/2016  22  23  29  33  55  21
9/10/2016  3  17  49  55  68  8
9/14/2016  10  11  23  28  31  14
9/17/2016  9  19  51  55  62  14
9/21/2016  1  28  63  67  69  17
9/24/2016  7  15  20  29  41  22
9/28/2016  30  38  52  53  62  1
10/1/2016  2  12  50  61  64  1
10/5/2016  8  18  27  29  60  15
10/8/2016  3  54  61  64  68  9
10/12/2016  16  30  34  37  44  16
10/15/2016  23  49  57  64  67  20
10/19/2016  10  16  38  43  63  23
10/22/2016  1  28  33  55  56  22
10/26/2016  2  3  16  48  56  24
10/29/2016  19  20  21  42  48  23
11/2/2016  13  18  37  54  61  5
11/5/2016  21  31  50  51  69  8
11/9/2016  1  25  28  31  54  2
11/12/2016  8  17  20  27  52  24
11/16/2016  28  41  61  63  65  7
11/19/2016  16  24  28  43  61  21
11/23/2016  7  32  41  47  61  3
11/26/2016  17  19  21  37  44  16
11/30/2016  3  14  18  25  45  7
12/3/2016  8  10  26  27  33  22
12/7/2016  41  48  49  53  64  20
12/10/2016  12  21  32  44  66  15
12/14/2016  18  26  37  39  66  15
12/17/2016  1  8  16  40  48  10
12/21/2016  25  33  40  54  68  3
12/24/2016  28  38  42  51  52  21
12/28/2016  16  23  30  44  58  4
12/31/2016  1  3  28  57  67  9
1/4/2017  16  17  29  41  42  4
1/7/2017  3  12  24  37  63  10
1/11/2017  1  3  13  16  43  24
1/14/2017  23  55  59  64  69  13
1/18/2017  9  40  41  53  58  12
1/21/2017  23  25  45  52  67  2
1/25/2017  18  28  62  66  68  22
1/28/2017  12  20  39  49  69  17
2/1/2017  9  43  57  60  64  10
2/4/2017  6  13  16  17  52  25
2/8/2017  14  20  42  49  66  5
2/11/2017  5  9  17  37  64  2
2/15/2017  5  28  33  38  42  19
2/18/2017  3  7  9  31  33  20
2/22/2017  10  13  28  52  61  2
2/25/2017  6  32  47  62  65  19
3/1/2017  10  16  40  52  55  17
3/4/2017  2  18  19  22  63  19
3/8/2017  23  33  42  46  59  4
3/11/2017  1  26  41  50  57  11
3/15/2017  16  30  41  48  53  16
3/18/2017  13  25  44  54  67  5
3/22/2017  2  9  27  29  42  9
3/25/2017  18  31  32  45  48  16
3/29/2017  8  15  31  36  62  11
4/1/2017  9  32  36  44  65  1
4/5/2017  8  20  46  53  54  13
4/8/2017  23  36  51  53  60  15
4/12/2017  8  14  61  63  68  24
4/15/2017  5  22  26  45  61  13
4/19/2017  1  19  37  40  52  15
4/22/2017  21  39  41  48  63  6
4/26/2017  1  15  18  26  51  26
4/29/2017  22  23  24  45  62  5
5/3/2017  17  18  49  59  66  9
5/6/2017  11  21  31  41  59  21
5/10/2017  29  31  46  56  62  8
5/13/2017  17  20  32  63  68  19
5/17/2017  4  11  39  45  48  9
5/20/2017  5  22  45  47  54  3
5/24/2017  28  32  33  38  62  15
5/27/2017  5  10  28  55  67  9
5/31/2017  4  33  39  46  60  6
6/3/2017  3  9  21  41  54  25
6/7/2017  5  21  57  66  69  13
6/10/2017  20  26  32  38  58  3
6/14/2017  5  22  43  57  63  24
6/17/2017  10  13  32  53  62  21
6/21/2017  14  46  61  65  68  13
6/24/2017  10  22  32  36  58  10
6/28/2017  29  37  46  53  68  8
7/1/2017  19  42  45  48  53  16
7/5/2017  4  9  16  54  68  21
7/8/2017  8  10  29  40  59  26
7/12/2017  1  2  18  23  61  9
7/15/2017  9  40  63  64  66  17
7/19/2017  50  51  59  61  63  4
7/22/2017  5  32  44  53  60  9
7/26/2017  7  19  21  42  69  12
7/29/2017  1  28  40  45  48  12
8/2/2017  1  16  54  63  69  18
8/5/2017  11  21  28  33  45  11
8/9/2017  12  30  36  47  62  9
8/12/2017  20  24  26  35  49  19
8/16/2017  9  15  43  60  64  4
8/19/2017  17  19  39  43  68  13
8/23/2017  6  7  16  23  26  4
8/26/2017  7  15  32  38  66  15
8/30/2017  19  28  43  67  69  7
9/2/2017  6  21  41  52  62  26
9/6/2017  8  14  32  58  67  17
9/9/2017  6  20  29  57  59  22
9/13/2017  17  24  35  57  63  19
9/16/2017  17  18  24  25  31  24
9/20/2017  39  48  53  67  68  26
9/23/2017  24  45  55  56  57  19
9/27/2017  8  10  21  23  25  22
9/30/2017  8  12  25  41  64  15
10/4/2017  22  23  62  63  66  24
10/7/2017  10  49  61  63  65  7
10/11/2017  1  3  13  19  69  23
10/14/2017  32  37  56  66  69  11
10/18/2017  30  49  54  66  69  8
10/21/2017  14  41  42  45  69  4
10/25/2017  18  22  29  54  57  8
10/28/2017  27  35  38  57  66  10
11/1/2017  3  6  19  26  44  1
11/4/2017  12  14  26  48  51  13
11/8/2017  12  14  20  21  34  22
11/11/2017  4  6  16  30  56  18
11/15/2017  23  32  44  48  50  25
11/18/2017  17  28  31  32  39  26
11/22/2017  35  37  46  51  61  13
11/25/2017  8  13  27  53  54  4
11/29/2017  24  26  28  59  63  16
12/2/2017  28  30  32  36  58  6
12/6/2017  19  20  50  55  62  9
12/9/2017  25  36  37  55  60  6
12/13/2017  2  24  28  51  58  7
12/16/2017  9  35  37  50  63  11
12/20/2017  1  20  61  64  69  20
12/30/2017  28  36  41  51  58  24
1/3/2018  2  18  37  39  42  12
1/6/2018  12  29  30  33  61  26
1/10/2018  7  24  33  49  50  4
1/13/2018  14  25  35  58  69  24
1/17/2018  3  33  37  51  57  21
1/20/2018  26  28  47  49  58  3
1/24/2018  5  9  11  33  64  21
1/27/2018  17  21  26  47  54  7
1/31/2018  4  7  14  46  59  22
2/3/2018  15  23  27  48  53  6
2/7/2018  23  34  35  40  47  10
2/10/2018  1  13  27  41  59  20
2/14/2018  37  39  44  46  69  26
2/17/2018  13  26  39  44  62  2
2/21/2018  7  15  31  34  36  8
2/24/2018  24  25  38  62  63  6
2/28/2018  12  30  59  65  69  16
3/3/2018  13  17  25  36  40  5
3/7/2018  6  13  19  36  51  18
3/10/2018  43  44  54  61  69  22
3/14/2018  6  12  24  41  68  9
3/17/2018  22  57  59  60  66  7
3/21/2018  3  4  18  29  61  25
3/24/2018  10  33  45  53  56  24
3/28/2018  6  8  26  52  53  21
3/31/2018  8  24  52  55  61  21
4/4/2018  8  24  42  54  64  24
4/7/2018  2  17  20  38  39  20
4/11/2018  16  18  27  55  67  18
4/14/2018  17  19  26  61  62  15
4/18/2018  9  10  12  17  23  9
4/21/2018  40  50  54  62  69  19
4/25/2018  17  18  39  56  64  12
4/28/2018  20  22  28  45  50  8
5/30/2018  5  14  31  40  50  6
5/5/2018  14  29  36  57  61  17
5/9/2018  11  16  38  50  69  19
5/12/2018  22  42  45  55  56  14
5/16/2018  17  19  21  22  51  19
5/19/2018  3  6  9  17  56  25
5/23/2018  20  54  56  61  64  7
5/26/2018  1  21  31  45  49  21
5/30/2018  17  23  26  46  68  20
6/2/2018  23  25  37  44  64  7
6/6/2018  23  28  41  53  56  14
6/9/2018  6  10  15  25  36  14
6/13/2018  13  20  38  45  55  1
6/16/2018  9  45  57  58  65  9
6/20/2018  4  14  23  27  56  13
6/23/2018  16  29  43  45  56  25
6/27/2018  7  28  37  62  63  15
6/30/2018  3  9  20  42  61  24
7/4/2018  4  7  15  41  44  10
7/7/2018  1  10  43  45  64  22
7/11/2018  19  21  27  46  47  7
7/14/2018  22  41  42  49  67  11
7/18/2018  1  10  27  28  36  12
7/21/2018  9  23  56  58  68  1
7/25/2018  2  18  41  44  64  26
7/28/2018  22  27  46  56  65  13
8/25/2018  5  22  32  38  58  26
8/4/2018  3  11  38  44  58  2
8/8/2018  10  21  30  43  63  17
8/11/2018  5  43  56  62  68  24
8/15/2018  12  15  28  47  48  16
8/18/2018  24  34  52  61  67  16
8/22/2018  1  7  45  47  69  13
8/25/2018  20  25  54  57  63  8
8/29/2018  25  41  53  57  67  12
9/1/2018  11  54  55  61  66  9
9/5/2018  6  15  50  59  60  13
9/8/2018  3  13  20  32  33  21
9/12/2018  6  28  48  63  64  24
9/15/2018  2  18  19  24  34  3
9/18/2018  4  39  48  50  51  11
9/22/2018  24  61  63  64  69  18
9/26/2018  1  2  7  30  50  8
9/29/2018  9  17  34  59  64  22
10/3/2018  41  53  59  63  66  3
10/6/2018  1  22  27  53  67  15
10/10/2018  8  23  27  42  60  7
10/13/2018  11  14  32  43  65  15
10/17/2018  3  57  64  68  69  15
10/20/2018  16  54  57  62  69  23
10/24/2018  3  21  45  53  56  22
10/27/2018  8  12  13  19  27  4
10/31/2018  7  25  39  40  47  20
11/3/2018  15  21  24  32  65  11
11/7/2018  26  28  34  42  50  25
11/10/2018  5  29  34  53  57  24
11/14/2018  7  42  49  62  69  23
11/17/2018  6  8  20  52  68  5
11/21/2018  7  14  23  38  55  18
11/24/2018  11  33  51  56  58  18
11/28/2018  4  19  59  68  69  21
12/1/2018  10  11  47  55  58  26
12/5/2018  9  11  36  37  38  11
12/8/2018  14  32  34  46  61  10
12/12/2018  4  9  21  29  64  26
12/15/2018  8  38  43  52  55  17
12/19/2018  15  29  31  37  43  16
12/22/2018  21  28  30  40  59  26
12/26/2018  5  25  38  52  67  24
12/29/2018  12  42  51  53  62  25
1/2/2019  8  12  42  46  56  12
1/5/2019  3  7  15  27  69  19
1/9/2019  6  19  37  49  59  22
1/19/2019  7  36  48  57  58  24
1/19/2019  14  29  31  56  61  1
1/19/2019  5  8  41  65  66  20
1/23/2019  23  25  47  48  50  24
10/17/2015  48  49  57  62  69  19
10/21/2015  30  32  42  56  57  11
10/24/2015  20  31  56  60  64  2
10/28/2015  4  54  56  62  63  10
10/31/2015  9  20  25  47  68  7
11/4/2015  2  12  17  20  65  17
11/7/2015  7  16  25  50  53  15
11/11/2015  4  26  32  55  64  18
11/14/2015  14  22  37  45  66  5
11/18/2015  17  40  41  46  69  6
11/21/2015  37  47  50  52  57  21
11/25/2015  16  29  53  58  69  21
11/28/2015  2  6  47  66  67  2
12/2/2015  14  18  19  32  64  9
12/5/2015  13  27  33  47  68  13
12/9/2015  7  10  16  46  56  1
12/12/2015  2  14  19  30  62  22
12/16/2015  9  10  32  42  55  6
12/19/2015  28  30  41  59  68  10
12/23/2015  16  38  55  63  67  25
12/26/2015  27  40  44  59  65  20
12/30/2015  12  36  38  54  61  22
1/2/2016  5  6  15  29  42  10
1/6/2016  2  11  47  62  63  17
1/9/2016  16  19  32  34  57  13
1/13/2016  4  8  19  27  34  10
1/16/2016  3  51  52  61  64  6
1/20/2016  5  39  44  47  69  24
1/23/2016  22  32  34  40  69  19
1/27/2016  3  12  40  52  67  21
1/30/2016  5  12  16  31  43  18
2/3/2016  26  28  31  60  67  23
2/6/2016  4  13  31  36  52  8
2/10/2016  2  3  40  50  62  5
2/13/2016  7  15  18  19  36  20
2/17/2016  7  17  27  29  40  25
2/20/2016  11  12  15  16  54  25
2/24/2016  21  31  64  65  67  5
2/27/2016  10  11  21  22  53  18
3/2/2016  12  13  44  52  62  6
3/5/2016  3  27  34  59  69  19
3/9/2016  14  23  32  34  68  3
3/12/2016  11  28  50  57  62  23
3/16/2016  10  12  13  46  50  21
3/19/2016  11  23  43  54  60  3
3/23/2016  5  8  15  22  49  25
3/26/2016  11  23  42  52  68  6
3/30/2016  24  44  53  55  63  19
4/2/2016  9  28  30  40  61  3
4/6/2016  4  28  49  60  65  25
4/9/2016  14  22  23  41  61  9
4/13/2016  30  33  35  38  64  22
4/16/2016  3  18  25  32  51  3
4/20/2016  12  25  30  52  62  8
4/23/2016  19  35  46  59  62  13
4/27/2016  2  25  33  39  64  17
4/30/2016  3  12  16  32  34  14
5/4/2016  30  47  57  66  69  3
5/7/2016  5  25  26  44  66  9
5/11/2016  20  32  52  66  69  23
5/14/2016  13  27  47  64  65  9
5/18/2016  23  25  39  54  67  11
5/21/2016  5  7  9  23  32  26
5/25/2016  11  24  41  59  64  15
5/28/2016  6  33  34  58  59  12
6/1/2016  23  30  33  40  69  12
6/4/2016  16  20  22  43  64  17
6/8/2016  12  25  37  60  69  20
6/11/2016  20  27  36  41  58  7
6/15/2016  4  22  24  31  33  10
6/18/2016  2  23  41  53  63  11
6/22/2016  14  40  42  43  52  17
6/25/2016  3  27  36  56  69  25
6/29/2016  23  29  37  60  64  6
7/2/2016  10  34  39  59  63  4
7/6/2016  2  24  31  57  66  18
7/9/2016  10  28  32  61  64  12
7/13/2016  3  15  29  54  57  10
7/16/2016  11  17  40  50  62  26
7/20/2016  6  25  35  58  66  5
7/23/2016  5  7  23  35  39  11
7/27/2016  10  47  50  65  68  24
7/30/2016  11  17  21  23  32  5
8/3/2016  9  11  27  66  67  2
8/6/2016  20  33  36  47  52  12
8/10/2016  23  56  61  64  67  12
8/13/2016  38  44  60  64  69  6
8/17/2016  33  44  49  50  52  8
8/20/2016  3  6  21  60  68  24
8/24/2016  9  11  25  64  65  16
8/27/2016  4  32  48  49  63  20
8/31/2016  5  10  24  56  61  12
9/3/2016  7  39  50  59  67  25
9/7/2016  22  23  29  33  55  21
9/10/2016  3  17  49  55  68  8
9/14/2016  10  11  23  28  31  14
9/17/2016  9  19  51  55  62  14
9/21/2016  1  28  63  67  69  17
9/24/2016  7  15  20  29  41  22
9/28/2016  30  38  52  53  62  1
10/1/2016  2  12  50  61  64  1
10/5/2016  8  18  27  29  60  15
10/8/2016  3  54  61  64  68  9
10/12/2016  16  30  34  37  44  16
10/15/2016  23  49  57  64  67  20
10/19/2016  10  16  38  43  63  23
10/22/2016  1  28  33  55  56  22
10/26/2016  2  3  16  48  56  24
10/29/2016  19  20  21  42  48  23
11/2/2016  13  18  37  54  61  5
11/5/2016  21  31  50  51  69  8
11/9/2016  1  25  28  31  54  2
11/12/2016  8  17  20  27  52  24
11/16/2016  28  41  61  63  65  7
11/19/2016  16  24  28  43  61  21
11/23/2016  7  32  41  47  61  3
11/26/2016  17  19  21  37  44  16
11/30/2016  3  14  18  25  45  7
12/3/2016  8  10  26  27  33  22
12/7/2016  41  48  49  53  64  20
12/10/2016  12  21  32  44  66  15
12/14/2016  18  26  37  39  66  15
12/17/2016  1  8  16  40  48  10
12/21/2016  25  33  40  54  68  3
12/24/2016  28  38  42  51  52  21
12/28/2016  16  23  30  44  58  4
12/31/2016  1  3  28  57  67  9
1/4/2017  16  17  29  41  42  4
1/7/2017  3  12  24  37  63  10
1/11/2017  1  3  13  16  43  24
1/14/2017  23  55  59  64  69  13
1/18/2017  9  40  41  53  58  12
1/21/2017  23  25  45  52  67  2
1/25/2017  18  28  62  66  68  22
1/28/2017  12  20  39  49  69  17
2/1/2017  9  43  57  60  64  10
2/4/2017  6  13  16  17  52  25
2/8/2017  14  20  42  49  66  5
2/11/2017  5  9  17  37  64  2
2/15/2017  5  28  33  38  42  19
2/18/2017  3  7  9  31  33  20
2/22/2017  10  13  28  52  61  2
2/25/2017  6  32  47  62  65  19
3/1/2017  10  16  40  52  55  17
3/4/2017  2  18  19  22  63  19
3/8/2017  23  33  42  46  59  4
3/11/2017  1  26  41  50  57  11
3/15/2017  16  30  41  48  53  16
3/18/2017  13  25  44  54  67  5
3/22/2017  2  9  27  29  42  9
3/25/2017  18  31  32  45  48  16
3/29/2017  8  15  31  36  62  11
4/1/2017  9  32  36  44  65  1
4/5/2017  8  20  46  53  54  13
4/8/2017  23  36  51  53  60  15
4/12/2017  8  14  61  63  68  24
4/15/2017  5  22  26  45  61  13
4/19/2017  1  19  37  40  52  15
4/22/2017  21  39  41  48  63  6
4/26/2017  1  15  18  26  51  26
4/29/2017  22  23  24  45  62  5
5/3/2017  17  18  49  59  66  9
5/6/2017  11  21  31  41  59  21
5/10/2017  29  31  46  56  62  8
5/13/2017  17  20  32  63  68  19
5/17/2017  4  11  39  45  48  9
5/20/2017  5  22  45  47  54  3
5/24/2017  28  32  33  38  62  15
5/27/2017  5  10  28  55  67  9
5/31/2017  4  33  39  46  60  6
6/3/2017  3  9  21  41  54  25
6/7/2017  5  21  57  66  69  13
6/10/2017  20  26  32  38  58  3
6/14/2017  5  22  43  57  63  24
6/17/2017  10  13  32  53  62  21
6/21/2017  14  46  61  65  68  13
6/24/2017  10  22  32  36  58  10
6/28/2017  29  37  46  53  68  8
7/1/2017  19  42  45  48  53  16
7/5/2017  4  9  16  54  68  21
7/8/2017  8  10  29  40  59  26
7/12/2017  1  2  18  23  61  9
7/15/2017  9  40  63  64  66  17
7/19/2017  50  51  59  61  63  4
7/22/2017  5  32  44  53  60  9
7/26/2017  7  19  21  42  69  12
7/29/2017  1  28  40  45  48  12
8/2/2017  1  16  54  63  69  18
8/5/2017  11  21  28  33  45  11
8/9/2017  12  30  36  47  62  9
8/12/2017  20  24  26  35  49  19
8/16/2017  9  15  43  60  64  4
8/19/2017  17  19  39  43  68  13
8/23/2017  6  7  16  23  26  4
8/26/2017  7  15  32  38  66  15
8/30/2017  19  28  43  67  69  7
9/2/2017  6  21  41  52  62  26
9/6/2017  8  14  32  58  67  17
9/9/2017  6  20  29  57  59  22
9/13/2017  17  24  35  57  63  19
9/16/2017  17  18  24  25  31  24
9/20/2017  39  48  53  67  68  26
9/23/2017  24  45  55  56  57  19
9/27/2017  8  10  21  23  25  22
9/30/2017  8  12  25  41  64  15
10/4/2017  22  23  62  63  66  24
10/7/2017  10  49  61  63  65  7
10/11/2017  1  3  13  19  69  23
10/14/2017  32  37  56  66  69  11
10/18/2017  30  49  54  66  69  8
10/21/2017  14  41  42  45  69  4
10/25/2017  18  22  29  54  57  8
10/28/2017  27  35  38  57  66  10
11/1/2017  3  6  19  26  44  1
11/4/2017  12  14  26  48  51  13
11/8/2017  12  14  20  21  34  22
11/11/2017  4  6  16  30  56  18
11/15/2017  23  32  44  48  50  25
11/18/2017  17  28  31  32  39  26
11/22/2017  35  37  46  51  61  13
11/25/2017  8  13  27  53  54  4
11/29/2017  24  26  28  59  63  16
12/2/2017  28  30  32  36  58  6
12/6/2017  19  20  50  55  62  9
12/9/2017  25  36  37  55  60  6
12/13/2017  2  24  28  51  58  7
12/16/2017  9  35  37  50  63  11
12/20/2017  1  20  61  64  69  20
12/30/2017  28  36  41  51  58  24
1/3/2018  2  18  37  39  42  12
1/6/2018  12  29  30  33  61  26
1/10/2018  7  24  33  49  50  4
1/13/2018  14  25  35  58  69  24
1/17/2018  3  33  37  51  57  21
1/20/2018  26  28  47  49  58  3
1/24/2018  5  9  11  33  64  21
1/27/2018  17  21  26  47  54  7
1/31/2018  4  7  14  46  59  22
2/3/2018  15  23  27  48  53  6
2/7/2018  23  34  35  40  47  10
2/10/2018  1  13  27  41  59  20
2/14/2018  37  39  44  46  69  26
2/17/2018  13  26  39  44  62  2
2/21/2018  7  15  31  34  36  8
2/24/2018  24  25  38  62  63  6
2/28/2018  12  30  59  65  69  16
3/3/2018  13  17  25  36  40  5
3/7/2018  6  13  19  36  51  18
3/10/2018  43  44  54  61  69  22
3/14/2018  6  12  24  41  68  9
3/17/2018  22  57  59  60  66  7
3/21/2018  3  4  18  29  61  25
3/24/2018  10  33  45  53  56  24
3/28/2018  6  8  26  52  53  21
3/31/2018  8  24  52  55  61  21
4/4/2018  8  24  42  54  64  24
4/7/2018  2  17  20  38  39  20
4/11/2018  16  18  27  55  67  18
4/14/2018  17  19  26  61  62  15
4/18/2018  9  10  12  17  23  9
4/21/2018  40  50  54  62  69  19
4/25/2018  17  18  39  56  64  12
4/28/2018  20  22  28  45  50  8
5/30/2018  5  14  31  40  50  6
5/5/2018  14  29  36  57  61  17
5/9/2018  11  16  38  50  69  19
5/12/2018  22  42  45  55  56  14
5/16/2018  17  19  21  22  51  19
5/19/2018  3  6  9  17  56  25
5/23/2018  20  54  56  61  64  7
5/26/2018  1  21  31  45  49  21
5/30/2018  17  23  26  46  68  20
6/2/2018  23  25  37  44  64  7
6/6/2018  23  28  41  53  56  14
6/9/2018  6  10  15  25  36  14
6/13/2018  13  20  38  45  55  1
6/16/2018  9  45  57  58  65  9
6/20/2018  4  14  23  27  56  13
6/23/2018  16  29  43  45  56  25
6/27/2018  7  28  37  62  63  15
6/30/2018  3  9  20  42  61  24
7/4/2018  4  7  15  41  44  10
7/7/2018  1  10  43  45  64  22
7/11/2018  19  21  27  46  47  7
7/14/2018  22  41  42  49  67  11
7/18/2018  1  10  27  28  36  12
7/21/2018  9  23  56  58  68  1
7/25/2018  2  18  41  44  64  26
7/28/2018  22  27  46  56  65  13
8/25/2018  5  22  32  38  58  26
8/4/2018  3  11  38  44  58  2
8/8/2018  10  21  30  43  63  17
8/11/2018  5  43  56  62  68  24
8/15/2018  12  15  28  47  48  16
8/18/2018  24  34  52  61  67  16
8/22/2018  1  7  45  47  69  13
8/25/2018  20  25  54  57  63  8
8/29/2018  25  41  53  57  67  12
9/1/2018  11  54  55  61  66  9
9/5/2018  6  15  50  59  60  13
9/8/2018  3  13  20  32  33  21
9/12/2018  6  28  48  63  64  24
9/15/2018  2  18  19  24  34  3
9/18/2018  4  39  48  50  51  11
9/22/2018  24  61  63  64  69  18
9/26/2018  1  2  7  30  50  8
9/29/2018  9  17  34  59  64  22
10/3/2018  41  53  59  63  66  3
10/6/2018  1  22  27  53  67  15
10/10/2018  8  23  27  42  60  7
10/13/2018  11  14  32  43  65  15
10/17/2018  3  57  64  68  69  15
10/20/2018  16  54  57  62  69  23
10/24/2018  3  21  45  53  56  22
10/27/2018  8  12  13  19  27  4
10/31/2018  7  25  39  40  47  20
11/3/2018  15  21  24  32  65  11
11/7/2018  26  28  34  42  50  25
11/10/2018  5  29  34  53  57  24
11/14/2018  7  42  49  62  69  23
11/17/2018  6  8  20  52  68  5
11/21/2018  7  14  23  38  55  18
11/24/2018  11  33  51  56  58  18
11/28/2018  4  19  59  68  69  21
12/1/2018  10  11  47  55  58  26
12/5/2018  9  11  36  37  38  11
12/8/2018  14  32  34  46  61  10
12/12/2018  4  9  21  29  64  26
12/15/2018  8  38  43  52  55  17
12/19/2018  15  29  31  37  43  16
12/22/2018  21  28  30  40  59  26
12/26/2018  5  25  38  52  67  24
12/29/2018  12  42  51  53  62  25
1/2/2019  8  12  42  46  56  12
1/5/2019  3  7  15  27  69  19
1/9/2019  6  19  37  49  59  22
1/19/2019  7  36  48  57  58  24
1/19/2019  14  29  31  56  61  1
1/19/2019  5  8  41  65  66  20
1/23/2019  23  25  47  48  50  24
1/26/2019  8  12  20  21  32  10
1/30/2019  2  12  16  29  54  6
2/2/2019  10  17  18  43  65  13
2/6/2019  5  13  28  38  63  21
2/9/2019  1  2  3  7  39  25
2/13/2019  2  8  14  24  69  26
2/16/2019  29  30  41  48  64  1
2/20/2019  27  49  50  51  52  2
2/23/2019  4  6  14  20  32  13
2/27/2019  21  31  42  49  59  23
3/2/2019  1  19  25  27  68  21
3/6/2019  6  10  21  35  46  23
3/9/2019  5  6  45  55  59  14
3/13/2019  18  36  45  47  69  14
3/16/2019  30  34  39  53  67  11
3/20/2019  10  14  50  53  63  21
3/23/2019  24  25  52  60  66  5
3/27/2019  16  20  37  44  62  12
3/30/2019  21  52  54  64  68  4
4/3/2019  16  19  25  32  49  18
4/6/2019  15  33  43  59  60  8
4/10/2019  12  21  23  39  67  6
4/13/2019  4  17  26  32  49  10
4/17/2019  1  15  17  46  66  15
4/20/2019  3  27  30  63  65  1
4/24/2019  6  32  35  36  65  4
4/27/2019  2  29  41  45  62  6
5/1/2019  5  23  28  56  66  17
5/4/2019  6  16  23  30  61  2
5/8/2019  1  45  53  64  66  3
5/11/2019  6  8  9  37  40  26
5/15/2019  7  17  33  61  68  4
5/18/2019  2  10  25  66  67  26
5/22/2019  7  10  20  44  57  3
5/25/2019  1  2  39  43  66  2
5/29/2019  3  32  34  42  61  7
6/1/2019  6  15  34  45  52  8
6/5/2019  17  23  28  34  38  8
6/8/2019  9  13  42  48  60  18
6/12/2019  5  35  38  42  57  13
6/15/2019  8  11  14  16  49  14
6/19/2019  4  18  21  26  38  1
6/22/2019  3  6  11  14  66  21
6/26/2019  1  5  16  22  54  24
6/29/2019  13  17  24  59  62  8
7/3/2019  40  43  45  50  61  25
7/6/2019  4  8  23  46  65  1
7/10/2019  7  9  26  44  68  3
7/13/2019  13  23  32  35  68  21
7/17/2019  19  43  47  60  68  10
7/20/2019  5  26  36  64  69  19
7/24/2019  22  29  35  53  56  13
7/27/2019  1  19  31  48  61  6
7/31/2019  14  37  47  55  67  6
8/3/2019  3  6  45  66  68  13
8/7/2019  8  32  47  53  59  3
8/10/2019  35  41  44  58  59  3
8/14/2019  10  13  30  51  69  10
8/17/2019  18  21  24  30  60  20
8/21/2019  12  21  22  29  32  21
8/24/2019  5  12  20  21  47  1
8/28/2019  9  32  37  41  56  14
8/31/2019  14  41  50  56  57  18
9/4/2019  4  8  30  52  59  2
9/7/2019  11  20  41  42  56  6
9/11/2019  6  17  24  53  57  3
9/14/2019  11  27  31  36  67  11
9/18/2019  14  19  39  47  51  15
9/21/2019  1  9  22  36  68  22
9/25/2019  37  43  44  45  53  25
9/28/2019  15  23  34  51  55  4
10/2/2019  4  8  10  43  53  7
10/5/2019  6  14  36  51  54  4
10/9/2019  5  18  33  43  65  2
10/12/2019  12  29  34  53  65  23
10/16/2019  1  5  25  63  67  3
10/19/2019  14  27  29  59  65  12
10/23/2019  5  12  50  61  69  23
10/26/2019  3  20  48  54  59  4
10/30/2019  19  22  52  56  67  21
11/2/2019  3  23  32  37  58  22
11/6/2019  15  28  46  62  64  17
11/9/2019  14  17  35  38  60  25
11/13/2019  23  26  27  28  66  11
11/16/2019  14  22  26  55  63  26
11/20/2019  7  15  39  40  57  12
11/23/2019  28  35  38  61  66  23
11/23/2019  28  35  38  61  66  23
11/27/2019  15  26  37  53  55  21
11/30/2019  15  35  42  63  68  18
12/4/2019  8  27  44  51  61  14
12/7/2019  18  42  53  62  66  25
12/11/2019  24  29  42  44  63  10
12/14/2019  3  6  12  32  64  19
12/18/2019  14  18  26  39  68  9
12/21/2019  19  31  35  50  67  14
12/25/2019  2  4  16  30  46  20
12/28/2019  20  23  39  59  60  18
1/1/2020  49  53  57  59  62  26
1/4/2020  1  11  21  25  54  7
1/8/2020  2  4  7  43  56  22
1/11/2020  3  21  23  31  59  3
1/15/2020  39  41  53  55  68  19
1/18/2020  20  24  38  56  68  18
1/22/2020  11  33  44  59  67  8