05/06/2015  07 17 29 43 56 30 B W 30
05/06/2015  03 21 38 46 55 26 B L 
05/06/2015  18 29 43 48 54 22 I 
05/06/2015  04 12 25 31 47 22 I
05/06/2015  11 19 27 33 44 34 I
05/06/2015  23 24 27 39 41 30 P
05/09/2015  11 19 27 33 44 34 B
05/09/2015  08 25 32 46 57 34 B
05/09/2015  09 26 30 44 56 07 B
05/09/2015  04 21 33 38 47 10 B
05/09/2015  07 12 18 32 34 03 B
05/09/2015  07 12 19 32 34 22 B

--------- MM April 2024 -----

10-19 X 1 40-49 X 1 50-59X2 60-69 X 1

14  49  50  56  63  6
18  42  50  58  64  6
14  49  50  59  63  6
18  42  56  59  64  6
14  49  58  59  63  6

------ PB April 2024 --------

01-09 X 2 30-39 X 1 40-49 X 1 50-59 X 1

01  08  30  40  59  13
08  09  37  41  55  7
03  08  30  40  51  25
01  09  37  41  59  13
01  03  30  47  55  7

